106
21
19
22
14
8
13
14
16
11
14
11
16
25
26
20
13
14
9
20
23
24
21
17
14
15
15
11
13
9
5
4
5
6
4
3
5
3
5
8
9
8
6
10
6
7
6
8
5
6
5
4
9
4
6
5
5
8
5
4
7
5
7
5
4
6
4
6
10
5
7
4
6
4
3
3
6
3
3
7
4
5
7
4
8
5
5
7
4
7
4
4
4
7
5
8
3
4
7
3
10
4
4
8
5
6
4
5
9
5
10
18
7
9
6
8
5
7
5
8
6
10
9
7
5
5
7
5
4
7
6
7
5
7
5
4
6
5
4
7
5
10
4
4
8
6
6
4
4
7
5
7
6
6
4
4
4
7
4
7
4
4
5
5
4
7
4
4
6
3
5
5
4
4
3
6
4
3
5
3
3
4
6
4
6
4
4
4
6
3
3
6
4
5
9
4
7
3
4
6
5
4
8
4
6
4
3
3
5
4
4
5
3
4
5
4
4
4
5
4
5
5
3
4
4
4
3
3
7
4
4
5
3
3
4
7
4
3
6
4
4
6
4
6
6
5
4
7
4
4
5
4
4
6
4
3
4
3
4
4
6
3
4
7
5
5
6
3
4
6
3
4
6
4
4
6
4
4
4
6
3
4
6
4
4
5
4
3
7
3
3
5
5
5
6
3
8
5
4
4
6
4
4
7
4
4
5
4
4
5
4
4
4
5
4
4
6
5
4
6
4
4
7
4
4
6
4
4
6
5
4
5
4
4
6
3
4
6
4
4
7
6
5
7
4
4
6
5
4
6
4
5
6
3
4
7
5
4
6
4
4
7
4
6
4
5
5
4
4
4
6
4
5
6
4
4
6
4
4
6
4
7
4
4
6
4
4
8
6
6
6
5
7
4
4
8
5
10
12
9
10
8
5
5
8
4
4
5
4
6
6
5
6
5
4
6
5
4
7
4
4
6
4
4
7
4
4
7
5
4
5
5
7
5
4
6
5
5
6
4
4
6
5
6
4
4
6
5
4
5
4
5
6
4
4
6
4
4
6
4
5
6
4
4
6
5
6
4
4
6
5
5
7
8
6
5
4
7
5
6
4
4
7
5
4
5
4
4
6
5
4
7
5
4
8
5
5
5
5
7
4
5
7
5
5
6
4
4
7
5
6
6
5
6
4
4
9
4
6
4
5
6
4
5
6
5
4
6
5
5
5
4
5
6
5
4
6
5
4
7
4
6
5
5
6
5
4
6
5
6
5
5
8
6
7
5
5
7
4
9
5
5
7
5
6
5
4
6
6
6
7
6
29
6
5
4
6
4
4
6
5
4
7
5
5
6
5
7
5
5
7
5
4
5
4
4
6
4
8
4
4
7
5
5
6
5
7
5
5
7
5
6
5
5
10
5
6
5
5
7
4
5
6
5
7
5
4
7
5
5
5
5
7
5
5
6
5
7
6
10
6
7
5
5
5
5
6
5
5
7
6
6
5
4
6
5
5
7
5
5
6
5
6
5
5
6
4
6
4
5
7
5
5
5
5
7
6
6
5
5
9
5
6
5
5
7
5
9
5
5
6
5
7
5
4
6
5
5
6
5
7
5
5
7
6
7
6
5
7
5
7
5
5
7
5
7
5
5
7
7
9
5
5
6
5
6
5
5
8
5
6
5
5
8
5
6
5
5
7
5
5
8
7
7
5
5
6
4
6
5
5
7
5
5
6
5
7
5
6
6
7
6
5
5
6
4
5
6
5
7
5
5
6
5
5
6
5
7
4
5
8
5
7
6
5
7
6
6
6
6
5
4
7
5
5
6
5
6
6
6
6
6
7
5
5
6
5
7
7
6
5
5
6
5
7
6
5
7
5
6
5
5
7
5
6
5
5
7
5
5
6
5
7
5
6
6
5
8
5
5
7
6
7
5
7
5
5
6
5
7
5
6
7
5
6
6
5
7
5
7
5
6
6
5
7
6
7
6
5
7
7
7
5
8
6
6
6
6
8
7
6
6
6
7
6
7
5
7
6
6
7
6
6
5
8
6
7
7
6
